# 경로: normal
# 메모: ForceEndDay+EndNight 2주기, 활성 원정 1 → 0
## BEFORE
conquered(5): (0,0) (0,1) (0,-1) (1,0) (-1,0)
visible(12): (0,2) (0,-2) (1,2) (1,-2) (-1,2) (-1,-2) (2,0) (-2,0) (2,1) (2,-1) (-2,1) (-2,-1)
conquerable(11): (0,2) (1,2) (1,-2) (-1,2) (-1,-2) (2,0) (-2,0) (2,1) (2,-1) (-2,1) (-2,-1)
unreachable(0): 
activeExpeditions(1): (0,-2) 0/2
enhancedChunks(0)
## AFTER
conquered(6): (0,0) (0,1) (0,-1) (0,-2) (1,0) (-1,0)
visible(14): (0,2) (0,-3) (1,2) (1,-2) (-1,2) (-1,-2) (1,-3) (-1,-3) (2,0) (-2,0) (2,1) (2,-1) (-2,1) (-2,-1)
conquerable(13): (0,2) (0,-3) (1,2) (1,-2) (-1,2) (-1,-2) (-1,-3) (2,0) (-2,0) (2,1) (2,-1) (-2,1) (-2,-1)
unreachable(1): (1,-3)
activeExpeditions(0): 
enhancedChunks(1)
